Test ArrayDataSet
Test append: 
[1.0, 2.0, 3.0, 4.0, 5.0, 6.0, 7.0, 8.0, 9.0, 10.0, 11.0]
Test indert: 
[0.0, 1.0, 2.0, 3.0, 4.0, 5.0, 6.0, 7.0, 8.0, 9.0, 10.0, 11.0]
Size: 12
Max: 11.0
Min: 0.0
Mean: 5.5
Variance: 11.916666666666666
Rank: [1.0, 2.0, 3.0, 4.0, 5.0, 6.0, 7.0, 8.0, 9.0, 10.0, 11.0, 12.0]
Median: 5.5
Test remove: 
[1.0, 2.0, 3.0, 4.0, 5.0, 6.0, 7.0, 8.0, 9.0, 10.0, 11.0]
Test ListDataSet: 
Test append: 
[3.2, 2.7, 1.5, 4.9, 6.1, 0.8, 2.4, 5.3, 4.2, 3.6, 11.0]
Test indert: 
[0.0, 3.2, 2.7, 1.5, 4.9, 6.1, 0.8, 2.4, 5.3, 4.2, 3.6, 11.0]
Size: 12
Max: 11.0
Min: 0.0
Mean: 3.808333333333333
Variance: 7.754097222222221
Rank: [1.0, 6.0, 5.0, 3.0, 9.0, 11.0, 2.0, 4.0, 10.0, 8.0, 7.0, 12.0]
Median: 3.4000000000000004
Test remove: 
[3.2, 2.7, 1.5, 4.9, 6.1, 0.8, 2.4, 5.3, 4.2, 3.6, 11.0]
