--------------------------Testing stack--------------------
[27] [24] [16] [22] [24] [23] [17] [20] [20] [17] [29] [20] [27] [26] [25] [18] [17] [26] [30] [26]
[27] [24] [16] [22] [24] [23] [17] [20] [20] [17] [29] [20] [27] [26] [25] [18] [17] [26] [30]
[27] [24] [16] [22] [24] [23] [17] [20] [20] [17] [29] [20] [27] [26] [25] [18] [17] [26]
[27] [24] [16] [22] [24] [23] [17] [20] [20] [17] [29] [20] [27] [26] [25] [18] [17]
[27] [24] [16] [22] [24] [23] [17] [20] [20] [17] [29] [20] [27] [26] [25] [18]
[27] [24] [16] [22] [24] [23] [17] [20] [20] [17] [29] [20] [27] [26] [25]
[27] [24] [16] [22] [24] [23] [17] [20] [20] [17] [29] [20] [27] [26]
[27] [24] [16] [22] [24] [23] [17] [20] [20] [17] [29] [20] [27]
[27] [24] [16] [22] [24] [23] [17] [20] [20] [17] [29] [20]
[27] [24] [16] [22] [24] [23] [17] [20] [20] [17] [29]
[27] [24] [16] [22] [24] [23] [17] [20] [20] [17]
[27] [24] [16] [22] [24] [23] [17] [20] [20]
[27] [24] [16] [22] [24] [23] [17] [20]
[27] [24] [16] [22] [24] [23] [17]
[27] [24] [16] [22] [24] [23]
[27] [24] [16] [22] [24]
[27] [24] [16] [22]
[27] [24] [16]
[27] [24]
[27]

--------------------------Testing queue--------------------
[29] [15] [18] [26] [27] [21] [18] [24] [27] [19] [17] [16] [23] [15] [23] [26] [18]
[15] [18] [26] [27] [21] [18] [24] [27] [19] [17] [16] [23] [15] [23] [26] [18]
[18] [26] [27] [21] [18] [24] [27] [19] [17] [16] [23] [15] [23] [26] [18]
[26] [27] [21] [18] [24] [27] [19] [17] [16] [23] [15] [23] [26] [18]
[27] [21] [18] [24] [27] [19] [17] [16] [23] [15] [23] [26] [18]
[21] [18] [24] [27] [19] [17] [16] [23] [15] [23] [26] [18]
[18] [24] [27] [19] [17] [16] [23] [15] [23] [26] [18]
[24] [27] [19] [17] [16] [23] [15] [23] [26] [18]
[27] [19] [17] [16] [23] [15] [23] [26] [18]
[19] [17] [16] [23] [15] [23] [26] [18]
[17] [16] [23] [15] [23] [26] [18]
[16] [23] [15] [23] [26] [18]
[23] [15] [23] [26] [18]
[15] [23] [26] [18]
[23] [26] [18]
[26] [18]
[18]


Process finished with exit code 0
